{
 "cells": [
  {
   "cell_type": "code",
   "execution_count": 2,
   "id": "71b6c31a-b82d-4971-ac32-43a938d1ac3a",
   "metadata": {},
   "outputs": [],
   "source": [
    "import numpy as np\n",
    "import sympy as sp\n",
    "from IPython.display import display, Math"
   ]
  },
  {
   "cell_type": "code",
   "execution_count": 10,
   "id": "4652afb7-5259-4aa9-a70c-6a3cdb17ee3d",
   "metadata": {},
   "outputs": [
    {
     "name": "stdout",
     "output_type": "stream",
     "text": [
      "829.0359438172947\n",
      "8.28604027321514\n",
      "8.290359438172946\n"
     ]
    }
   ],
   "source": [
    "N = 13\n",
    "alpha = 0.04\n",
    "lambd = 0.4 - alpha\n",
    "\n",
    "def Chebyshev_norm(v):\n",
    "    if v.ndim == 1:\n",
    "        return max(map(abs, v))\n",
    "    elif v.ndim == 2:\n",
    "        return max(map(lambda x: sum(map(abs, x)), v))\n",
    "\n",
    "A = np.array([[200 * (1 + 0.5 * N + alpha), 200 * (1 + 0.5 * N), 200 * (1 + 0.5 * N)],\n",
    "              [200.1 * (1 + 0.5 * N), 199.9 * (1 + 0.5 * N + alpha), 200 * (1 + 0.5 * N)],\n",
    "              [199.9 * (1 + 0.5 * N), 200 * (1 + 0.5 * N), 200.1 * (1 + 0.5 * N + alpha)]])\n",
    "\n",
    "b = np.array([200 * (3 + 1.5 * N + alpha), 200 * (3 + 1.5 * N + alpha), 200 * (3 + 1.5 * N + alpha)])\n",
    "db = np.array([2 * (3 + 1.5 * N + alpha), -2 * (3 + 1.5 * N + alpha), 2 * (3 + 1.5 * N + alpha)])\n",
    "A_inv = np.linalg.inv(A)\n",
    "cond_A = Chebyshev_norm(A) * Chebyshev_norm(A_inv)\n",
    "print(cond_A)\n",
    "\n",
    "x = A_inv @ b\n",
    "dx = A_inv @ db\n",
    "print(Chebyshev_norm(dx)/Chebyshev_norm(x))\n",
    "print(cond_A * Chebyshev_norm(db) / Chebyshev_norm(b))"
   ]
  },
  {
   "cell_type": "code",
   "execution_count": 31,
   "id": "be192902-7f0e-416d-bc66-22ce967e09e0",
   "metadata": {},
   "outputs": [
    {
     "data": {
      "text/latex": [
       "$\\displaystyle A = \\left[\\begin{matrix}0.00024999947916862 & 0.000499995833395832 & 0.00074998593797459 & 0.000999966668666524 & 0.00124993490193617 & 0.00149988751518506 & 0.00174982138698566 & 0.00199973339731505 & 0.00224962042778839 & 0.00249947936189202\\\\0.000499995833395832 & 0.000999966668666524 & 0.00149988751518506 & 0.00199973339731505 & 0.00249947936189202 & 0.00299910048568779 & 0.00349857188285258 & 0.003997868712329 & 0.00449696618523276 & 0.00499583957219428\\\\0.00074998593797459 & 0.00149988751518506 & 0.00224962042778839 & 0.00299910048568779 & 0.00374824366916615 & 0.00449696618523276 & 0.00524518452358911 & 0.00599281551212079 & 0.00673977637182396 & 0.00748598477107669\\\\0.000999966668666524 & 0.00199973339731505 & 0.00299910048568779 & 0.003997868712329 & 0.00499583957219428 & 0.00599281551212079 & 0.00698860016346425 & 0.00798299857122373 & 0.00897581741899505 & 0.0099668652491162\\\\0.00124993490193617 & 0.00249947936189202 & 0.00374824366916615 & 0.00499583957219428 & 0.00624188099959574 & 0.00748598477107669 & 0.00872777129494615 & 0.0099668652491162 & 0.0112028962425988 & 0.0124354994546761\\\\0.00149988751518506 & 0.00299910048568779 & 0.00449696618523276 & 0.00599281551212079 & 0.00748598477107669 & 0.00897581741899505 & 0.010461665763252 & 0.0119428926018338 & 0.0134188727952421 & 0.0148889947609497\\\\0.00174982138698566 & 0.00349857188285258 & 0.00524518452358911 & 0.00698860016346425 & 0.00872777129494615 & 0.010461665763252 & 0.0121892703431858 & 0.0139095941482071 & 0.0156216718444122 & 0.0173245666452365\\\\0.00199973339731505 & 0.003997868712329 & 0.00599281551212079 & 0.00798299857122373 & 0.0099668652491162 & 0.0119428926018338 & 0.0139095941482071 & 0.0158655262186401 & 0.0178092938231198 & 0.0197395559849881\\\\0.00224962042778839 & 0.00449696618523276 & 0.00673977637182396 & 0.00897581741899505 & 0.0112028962425988 & 0.0134188727952421 & 0.0156216718444122 & 0.0178092938231198 & 0.0199798246240315 & 0.0221314442347791\\\\0.00249947936189202 & 0.00499583957219428 & 0.00748598477107669 & 0.0099668652491162 & 0.0124354994546761 & 0.0148889947609497 & 0.0173245666452365 & 0.0197395559849881 & 0.0221314442347791 & 0.0244978663126864\\end{matrix}\\right]$"
      ],
      "text/plain": [
       "<IPython.core.display.Math object>"
      ]
     },
     "metadata": {},
     "output_type": "display_data"
    },
    {
     "data": {
      "text/latex": [
       "$\\displaystyle E + \\lambda A = \\left[\\begin{matrix}1.00009749979688 & 0.000194998375024375 & 0.00029249451581009 & 0.000389987000779944 & 0.000487474611755106 & 0.000584956130922173 & 0.000682430340924407 & 0.000779896024952871 & 0.000877351966837472 & 0.000974796951137886\\\\0.000194998375024375 & 1.00038998700078 & 0.000584956130922173 & 0.000779896024952871 & 0.000974796951137886 & 0.00116964918941824 & 0.0013644430343125 & 0.00155916879780831 & 0.00175381681224078 & 0.00194837743315577\\\\0.00029249451581009 & 0.000584956130922173 & 1.00087735196684 & 0.00116964918941824 & 0.0014618150309748 & 0.00175381681224078 & 0.00204562196419975 & 0.00233719804972711 & 0.00262851278501134 & 0.00291953406071991\\\\0.000389987000779944 & 0.000779896024952871 & 0.00116964918941824 & 1.00155916879781 & 0.00194837743315577 & 0.00233719804972711 & 0.00272555406375106 & 0.00311336944277726 & 0.00350056879340807 & 0.00388707744715532\\\\0.000487474611755106 & 0.000974796951137886 & 0.0014618150309748 & 0.00194837743315577 & 1.00243433358984 & 0.00291953406071991 & 0.003403830805029 & 0.00388707744715532 & 0.00436912953461353 & 0.0048498447873237\\\\0.000584956130922173 & 0.00116964918941824 & 0.00175381681224078 & 0.00233719804972711 & 0.00291953406071991 & 1.00350056879341 & 0.00408004964766827 & 0.0046577281147152 & 0.0052333603901444 & 0.00580670795677039\\\\0.000682430340924407 & 0.0013644430343125 & 0.00204562196419975 & 0.00272555406375106 & 0.003403830805029 & 0.00408004964766827 & 1.00475381543384 & 0.00542474171780078 & 0.00609245201932075 & 0.00675658099164223\\\\0.000779896024952871 & 0.00155916879780831 & 0.00233719804972711 & 0.00311336944277726 & 0.00388707744715532 & 0.0046577281147152 & 0.00542474171780078 & 1.00618755522527 & 0.00694562459101671 & 0.00769842683414535\\\\0.000877351966837472 & 0.00175381681224078 & 0.00262851278501134 & 0.00350056879340807 & 0.00436912953461353 & 0.0052333603901444 & 0.00609245201932075 & 0.00694562459101671 & 1.00779213160337 & 0.00863126325156386\\\\0.000974796951137886 & 0.00194837743315577 & 0.00291953406071991 & 0.00388707744715532 & 0.0048498447873237 & 0.00580670795677039 & 0.00675658099164223 & 0.00769842683414535 & 0.00863126325156386 & 1.00955416786195\\end{matrix}\\right]$"
      ],
      "text/plain": [
       "<IPython.core.display.Math object>"
      ]
     },
     "metadata": {},
     "output_type": "display_data"
    },
    {
     "data": {
      "text/latex": [
       "$\\displaystyle (E + \\lambda A)^{-1} = \\left[\\begin{matrix}0.999906027855059 & -0.0001879459689034 & -0.000281923134092916 & -0.000375905269347519 & -0.000469893954113717 & -0.000563890703189308 & -0.000657896952453733 & -0.000751914045776576 & -0.000845943223261653 & -0.00093998561094785\\\\-0.0001879459689034 & 0.999624112018805 & -0.000563822049388563 & -0.000751744124781222 & -0.000939650068155086 & -0.00112753562200846 & -0.00131539638475156 & -0.00150322778724663 & -0.00169102507200483 & -0.00187878327528012\\\\-0.000281923134092916 & -0.000563822049388563 & 0.999154327501364 & -0.00112745017844065 & -0.00140913070306781 & -0.00169068958044146 & -0.00197210219094717 & -0.0022533437695818 & -0.00253438939188342 & -0.00281521396396988\\\\-0.000375905269347519 & -0.000751744124781222 & -0.00112745017844065 & 0.998497042904644 & -0.00187819862182138 & -0.00225310861599813 & -0.00262762108135003 & -0.00300167020341013 & -0.00337519039024799 & -0.00374811631687334\\\\-0.000469893954113717 & -0.000939650068155086 & -0.00140913070306781 & -0.00187819862182138 & 0.997653282809621 & -0.00281455057853159 & -0.0032815639604267 & -0.00374762371452055 & -0.00421259762257326 & -0.00467635506718871\\\\-0.000563890703189308 & -0.00112753562200846 & -0.00169068958044146 & -0.00225310861599813 & -0.00281455057853159 & 0.996625224280447 & -0.00393354726893585 & -0.00449063199594683 & -0.00504580075163999 & -0.00559882898972531\\\\-0.000657896952453733 & -0.00131539638475156 & -0.00197210219094717 & -0.00262762108135003 & -0.0032815639604267 & -0.00393354726893585 & 0.995416805720793 & -0.00523013633316418 & -0.00587401401353371 & -0.00651447823964174\\\\-0.000751914045776576 & -0.00150322778724663 & -0.0022533437695818 & -0.00300167020341013 & -0.00374762371452055 & -0.00449063199594683 & -0.00523013633316418 & 0.994034406024205 & -0.00669648033237534 & -0.00742229096829645\\\\-0.000845943223261652 & -0.00169102507200483 & -0.00253438939188342 & -0.00337519039024799 & -0.00421259762257326 & -0.00504580075163999 & -0.00587401401353371 & -0.00669648033237534 & 0.99248752496514 & -0.00832130912577843\\\\-0.00093998561094785 & -0.00187878327528012 & -0.00281521396396988 & -0.00374811631687334 & -0.00467635506718871 & -0.00559882898972531 & -0.00651447823964174 & -0.00742229096829645 & -0.00832130912577843 & 0.990789366615583\\end{matrix}\\right]$"
      ],
      "text/plain": [
       "<IPython.core.display.Math object>"
      ]
     },
     "metadata": {},
     "output_type": "display_data"
    },
    {
     "data": {
      "text/latex": [
       "$\\displaystyle \\Vert E + \\lambda A \\Vert = 1.0530267775755622, \\Vert (E + \\lambda A)^{-1} \\Vert = 1.0327047281732846$"
      ],
      "text/plain": [
       "<IPython.core.display.Math object>"
      ]
     },
     "metadata": {},
     "output_type": "display_data"
    },
    {
     "data": {
      "text/latex": [
       "$\\displaystyle cond(E + \\lambda A) = \\Vert E + \\lambda A \\Vert \\cdot \\Vert (E + \\lambda A)^{-1} \\Vert = 1.0874657320953607$"
      ],
      "text/plain": [
       "<IPython.core.display.Math object>"
      ]
     },
     "metadata": {},
     "output_type": "display_data"
    },
    {
     "data": {
      "text/latex": [
       "$\\displaystyle ^>b = (E + \\lambda A) \\cdot ^>x_* = \\left[\\begin{matrix}1.00536188571502\\\\1.01072008974975\\\\1.01607095050586\\\\1.02141084624293\\\\1.02673621425171\\\\1.03204356914573\\\\1.03732952001849\\\\1.04259078624537\\\\1.04782421174753\\\\1.05302677757556\\end{matrix}\\right]$"
      ],
      "text/plain": [
       "<IPython.core.display.Math object>"
      ]
     },
     "metadata": {},
     "output_type": "display_data"
    },
    {
     "data": {
      "text/latex": [
       "$\\displaystyle ^>x = (E + \\lambda A)^{-1} \\cdot ^>b = \\left[\\begin{matrix}1.0\\\\1.0\\\\1.0\\\\1.0\\\\1.0\\\\1.0\\\\1.0\\\\1.0\\\\1.0\\\\1.0\\end{matrix}\\right]$"
      ],
      "text/plain": [
       "<IPython.core.display.Math object>"
      ]
     },
     "metadata": {},
     "output_type": "display_data"
    },
    {
     "data": {
      "text/latex": [
       "$\\displaystyle ^>\\Delta x = (E + \\lambda A)^{-1} \\cdot ^>\\Delta b = \\left[\\begin{matrix}1.00585928586959\\\\-1.00972601237319\\\\1.01756026512642\\\\-1.01942843974549\\\\1.02920887906366\\\\-1.02908414538241\\\\1.04077156473447\\\\-1.03867086578337\\\\1.05221669066187\\\\-1.04816759138745\\end{matrix}\\right]$"
      ],
      "text/plain": [
       "<IPython.core.display.Math object>"
      ]
     },
     "metadata": {},
     "output_type": "display_data"
    },
    {
     "data": {
      "text/latex": [
       "$\\displaystyle ^>x + ^>\\Delta x = \\left[\\begin{matrix}2.00585928586959\\\\-0.00972601237318726\\\\2.01756026512642\\\\-0.0194284397454921\\\\2.02920887906366\\\\-0.029084145382408\\\\2.04077156473447\\\\-0.0386708657833725\\\\2.05221669066187\\\\-0.0481675913874455\\end{matrix}\\right]$"
      ],
      "text/plain": [
       "<IPython.core.display.Math object>"
      ]
     },
     "metadata": {},
     "output_type": "display_data"
    },
    {
     "data": {
      "text/latex": [
       "$\\displaystyle \\frac{\\Vert ^>\\Delta x \\Vert}{\\Vert ^>x \\Vert} = 1.0522166906618742 \\le cond(E + \\lambda A) \\cdot \\frac{\\Vert ^>\\Delta b \\Vert}{\\Vert ^>b \\Vert} = 1.0874657320953607$"
      ],
      "text/plain": [
       "<IPython.core.display.Math object>"
      ]
     },
     "metadata": {},
     "output_type": "display_data"
    },
    {
     "name": "stderr",
     "output_type": "stream",
     "text": [
      "C:\\Users\\Игорь\\AppData\\Local\\Temp\\ipykernel_11724\\4176469601.py:28: RuntimeWarning: divide by zero encountered in scalar divide\n",
      "  B = np.array([[(E + lambd * A)[i][j] / (b + d_b)[j] for j in range(10)] for i in range(10)])\n"
     ]
    },
    {
     "data": {
      "text/latex": [
       "$\\displaystyle \\frac{E + \\lambda A}{^>b + ^>\\Delta b} \\cdot ^>x = e =[inf inf inf inf inf inf inf inf inf inf]$"
      ],
      "text/plain": [
       "<IPython.core.display.Math object>"
      ]
     },
     "metadata": {},
     "output_type": "display_data"
    }
   ],
   "source": [
    "alpha = 0.01\n",
    "lambd = 0.4 - alpha\n",
    "a = 0\n",
    "b = 1\n",
    "h = (b - a) / 10\n",
    "F = np.arctan\n",
    "s = np.array([a + i * h / 2 for i in range(1, 11)])\n",
    "A = np.array([[F(s[i] * s[j]) * (b - a) / 10 for j in range(10)] for i in range(10)])\n",
    "E = np.eye(10)\n",
    "x_star = np.array([1 for i in range(10)])\n",
    "b = (E + lambd * A) @ x_star\n",
    "d_b = np.array([b[i] * (-1) ** i for i in range(10)])\n",
    "cond = Chebyshev_norm(E + lambd * A) * Chebyshev_norm(np.linalg.inv(E + lambd * A))\n",
    "x = np.linalg.inv(E + lambd * A) @ b\n",
    "##display(Math(sp.latex(sp.Matrix(s))))\n",
    "display(Math(fr\"A = {sp.latex(sp.Matrix(A))}\"))\n",
    "display(Math(fr\"E + \\lambda A = {sp.latex(sp.Matrix(E + lambd*A))}\"))\n",
    "display(Math(fr\"(E + \\lambda A)^{{-1}} = {sp.latex(sp.Matrix(np.linalg.inv(E + lambd*A)))}\"))\n",
    "display(Math(fr\"\\Vert E + \\lambda A \\Vert = {Chebyshev_norm(E + lambd * A)}, \\Vert (E + \\lambda A)^{{-1}} \\Vert = {Chebyshev_norm(np.linalg.inv(E + lambd * A))}\"))\n",
    "display(Math(fr\"cond(E + \\lambda A) = \\Vert E + \\lambda A \\Vert \\cdot \\Vert (E + \\lambda A)^{{-1}} \\Vert = {cond}\"))\n",
    "display(Math(fr\"^>b = (E + \\lambda A) \\cdot ^>x_* = {sp.latex(sp.Matrix(b))}\"))\n",
    "display(Math(fr\"^>x = (E + \\lambda A)^{{-1}} \\cdot ^>b = {sp.latex(sp.Matrix(x))}\"))\n",
    "d_x = np.linalg.inv(E + lambd * A) @ d_b\n",
    "display(Math(fr\"^>\\Delta x = (E + \\lambda A)^{{-1}} \\cdot ^>\\Delta b = {sp.latex(sp.Matrix(d_x))}\"))\n",
    "sol = x + d_x\n",
    "display(Math(fr\"^>x + ^>\\Delta x = {sp.latex(sp.Matrix(sol))}\"))\n",
    "display(Math(fr\"\\frac{{\\Vert ^>\\Delta x \\Vert}}{{\\Vert ^>x \\Vert}} = {Chebyshev_norm(d_x) / Chebyshev_norm(x)} \\le cond(E + \\lambda A) \\cdot \\frac{{\\Vert ^>\\Delta b \\Vert}}{{\\Vert ^>b \\Vert}} = {cond * Chebyshev_norm(d_b) / Chebyshev_norm(b)}\"))\n",
    "B = np.array([[(E + lambd * A)[i][j] / (b + d_b)[j] for j in range(10)] for i in range(10)])\n",
    "display(Math(fr\"\\frac{{E + \\lambda A}}{{^>b + ^>\\Delta b}} \\cdot ^>x = e ={B @ x}\"))"
   ]
  },
  {
   "cell_type": "code",
   "execution_count": null,
   "id": "c787c41f-a2e6-43db-8584-2ce6f6ee8ecd",
   "metadata": {},
   "outputs": [],
   "source": []
  }
 ],
 "metadata": {
  "kernelspec": {
   "display_name": "Python 3 (ipykernel)",
   "language": "python",
   "name": "python3"
  },
  "language_info": {
   "codemirror_mode": {
    "name": "ipython",
    "version": 3
   },
   "file_extension": ".py",
   "mimetype": "text/x-python",
   "name": "python",
   "nbconvert_exporter": "python",
   "pygments_lexer": "ipython3",
   "version": "3.10.4"
  }
 },
 "nbformat": 4,
 "nbformat_minor": 5
}
